function Un=fU(z)
Un=0.194+1.5*exp(-120*z)+0.0351*tanh((z-0.286)/0.083)-0.0045*tanh((z-0.849)/0.119)-0.035*tanh...
    ((z-0.9233)/0.05)-0.0147*tanh((z-0.5)/0.034)-...
    0.102*tanh((z-0.194)/0.142)-0.022*tanh((z-0.9)/0.0164)...
    -0.011*tanh((z-0.124)/0.0226)+0.0155*tanh((z-0.105)/0.029);
end